 0.   0.   0.   0.   4.72 1.55 6.47 3.65 0.   8.79 0.   0.   0.   0.
  0.   0.   0.   0.   0.   0.  
 0.   0.   8.47 1.04 0.   1.98 0.   0.   0.   4.15 0.   0.   0.   0.
  0.   0.   0.   0.   0.   0.  
 0.   8.47 0.   2.21 3.32 2.49 4.29 0.   0.   0.   0.   0.   0.   0.
  0.   0.   0.   0.   0.   0.  
 0.   1.04 2.21 0.   0.   0.   0.   0.   0.26 0.78 0.   0.   0.   0.
  0.   0.   0.   0.   0.   0.  
 4.72 0.   3.32 0.   0.   0.   4.4  5.88 0.   0.   0.   0.   0.   0.
  0.   0.   0.   0.   0.   0.  
 1.55 1.98 2.49 0.   0.   0.   0.   0.   1.46 8.06 0.   0.   0.   0.
  0.   0.   0.   0.   0.   0.  
 6.47 0.   4.29 0.   4.4  0.   0.   1.61 0.   0.   0.   0.   0.   0.
  0.   0.   0.   0.   0.   0.  
 3.65 0.   0.   0.   5.88 0.   1.61 0.   0.   0.   0.   0.   0.   0.
  0.   0.   0.   0.   0.   0.  
 0.   0.   0.   0.26 0.   1.46 0.   0.   0.   0.   0.   0.   0.   0.
  0.   0.   0.   0.   0.   0.  
 8.79 4.15 0.   0.78 0.   8.06 0.   0.   0.   0.   0.   0.   0.   0.
  0.   0.   0.   0.   0.   0.  
 0.   0.   0.   0.   0.   0.   0.   0.   0.   0.   0.   0.   0.   0.
  0.   0.   0.   0.   0.   0.  
 0.   0.   0.   0.   0.   0.   0.   0.   0.   0.   0.   0.   0.   0.
  0.   0.   0.   0.   0.   0.  
 0.   0.   0.   0.   0.   0.   0.   0.   0.   0.   0.   0.   0.   0.
  0.   0.   0.   0.   0.   0.  
 0.   0.   0.   0.   0.   0.   0.   0.   0.   0.   0.   0.   0.   0.
  0.   0.   0.   0.   0.   0.  
 0.   0.   0.   0.   0.   0.   0.   0.   0.   0.   0.   0.   0.   0.
  0.   0.   0.   0.   0.   0.  
 0.   0.   0.   0.   0.   0.   0.   0.   0.   0.   0.   0.   0.   0.
  0.   0.   0.   0.   0.   0.  
 0.   0.   0.   0.   0.   0.   0.   0.   0.   0.   0.   0.   0.   0.
  0.   0.   0.   0.   0.   0.  
 0.   0.   0.   0.   0.   0.   0.   0.   0.   0.   0.   0.   0.   0.
  0.   0.   0.   0.   0.   0.  
 0.   0.   0.   0.   0.   0.   0.   0.   0.   0.   0.   0.   0.   0.
  0.   0.   0.   0.   0.   0.  
 0.   0.   0.   0.   0.   0.   0.   0.   0.   0.   0.   0.   0.   0.
  0.   0.   0.   0.   0.   0.  
